============================= test session starts ==============================
platform linux -- Python 3.11.15, pytest-9.0.3, pluggy-1.6.0
rootdir: /home/apps/workspace/agent-packages/agents/jellyfin-mcp
configfile: pytest.ini
testpaths: tests
plugins: logfire-4.32.1, langsmith-0.8.1, cov-7.1.0, anyio-4.13.0, timeout-2.4.0, asyncio-1.3.0, xdist-3.8.0
timeout: 60.0s
timeout method: signal
timeout func_only: False
asyncio: mode=Mode.AUTO, debug=False, asyncio_default_fixture_loop_scope=None, asyncio_default_test_loop_scope=function
collected 5 items

tests/test_concept_parity.py .                                           [ 20%]
tests/test_jellyfin_mcp_brute_force_coverage.py ...                      [ 80%]
tests/test_startup.py .                                                  [100%]

=============================== warnings summary ===============================
tests/test_jellyfin_mcp_brute_force_coverage.py::test_mcp_server_coverage
  /home/apps/workspace/.venv/lib/python3.11/site-packages/pydantic_settings/sources/providers/secrets.py:67: UserWarning: directory "/run/secrets" does not exist
    warnings.warn(f'directory "{path}" does not exist')

tests/test_jellyfin_mcp_brute_force_coverage.py::test_agent_server_coverage
  /home/apps/workspace/.venv/lib/python3.11/site-packages/pydantic/_internal/_generate_schema.py:325: PydanticDeprecatedSince20: `json_encoders` is deprecated. See https://docs.pydantic.dev/2.13/concepts/serialization/#custom-serializers for alternatives. Deprecated in Pydantic V2.0 to be removed in V3.0. See Pydantic V2 Migration Guide at https://errors.pydantic.dev/2.13/migration/
    warnings.warn(

tests/test_jellyfin_mcp_brute_force_coverage.py::test_agent_server_coverage
  /home/apps/workspace/agent-packages/agent-utilities/agent_utilities/knowledge_graph/pipeline/types.py:11: PydanticDeprecatedSince20: Support for class-based `config` is deprecated, use ConfigDict instead. Deprecated in Pydantic V2.0 to be removed in V3.0. See Pydantic V2 Migration Guide at https://errors.pydantic.dev/2.13/migration/
    class PipelineContext(BaseModel):

-- Docs: https://docs.pytest.org/en/stable/how-to/capture-warnings.html
================================ tests coverage ================================
_______________ coverage: platform linux, python 3.11.15-final-0 _______________

Name                           Stmts   Miss  Cover   Missing
------------------------------------------------------------
jellyfin_mcp/__init__.py          45     25    44%   40-43, 48-71, 75
jellyfin_mcp/__main__.py           3      3     0%   1-4
jellyfin_mcp/agent_server.py      25      3    88%   50-51, 78
jellyfin_mcp/api_client.py      5044   1466    71%   31-33, 37-39, 43-47, 64-65, 82, 84, 98, 147, 153, 155, 157, 159, 161, 163, 165, 167, 169, 171, 173, 175, 177, 179, 181, 183, 185, 187, 189, 191, 193, 197, 199, 201, 203, 205, 207, 209, 260, 266, 268, 270, 272, 274, 276, 278, 280, 282, 284, 286, 288, 290, 292, 294, 296, 298, 300, 302, 304, 306, 310, 312, 314, 316, 318, 320, 322, 385, 387, 389, 391, 393, 395, 397, 399, 401, 403, 405, 407, 409, 411, 413, 415, 417, 419, 421, 423, 425, 427, 429, 431, 433, 435, 437, 439, 441, 443, 445, 447, 449, 451, 453, 455, 457, 459, 461, 463, 465, 467, 469, 471, 473, 475, 477, 479, 541, 543, 545, 547, 549, 551, 553, 555, 557, 559, 561, 563, 565, 567, 569, 571, 573, 575, 577, 579, 581, 583, 585, 587, 589, 591, 593, 595, 597, 599, 601, 603, 605, 607, 609, 611, 613, 615, 617, 619, 621, 623, 625, 627, 629, 631, 633, 635, 701, 703, 705, 732, 740, 742, 744, 746, 774, 776, 778, 802, 804, 882, 898, 906, 914, 924, 942, 961, 1030, 1032, 1034, 1036, 1038, 1040, 1042, 1044, 1046, 1048, 1050, 1052, 1054, 1056, 1058, 1060, 1062, 1064, 1066, 1068, 1070, 1072, 1074, 1076, 1078, 1080, 1082, 1084, 1086, 1088, 1090, 1092, 1094, 1096, 1098, 1100, 1102, 1104, 1106, 1108, 1110, 1112, 1114, 1116, 1118, 1120, 1122, 1124, 1126, 1128, 1130, 1191, 1193, 1195, 1197, 1199, 1201, 1203, 1205, 1207, 1209, 1211, 1213, 1215, 1217, 1219, 1221, 1223, 1225, 1227, 1229, 1231, 1233, 1235, 1237, 1239, 1241, 1243, 1245, 1247, 1249, 1251, 1253, 1255, 1257, 1259, 1261, 1263, 1265, 1267, 1269, 1271, 1273, 1275, 1277, 1279, 1281, 1283, 1285, 1287, 1349, 1351, 1353, 1355, 1357, 1359, 1361, 1363, 1365, 1367, 1369, 1371, 1373, 1375, 1377, 1379, 1381, 1383, 1385, 1387, 1389, 1391, 1393, 1395, 1397, 1399, 1401, 1403, 1405, 1407, 1409, 1411, 1413, 1415, 1417, 1419, 1421, 1423, 1425, 1427, 1429, 1431, 1433, 1435, 1437, 1439, 1441, 1443, 1445, 1447, 1518, 1520, 1522, 1524, 1526, 1528, 1530, 1532, 1534, 1536, 1538, 1540, 1542, 1544, 1546, 1548, 1550, 1552, 1554, 1556, 1558, 1560, 1562, 1564, 1566, 1568, 1570, 1572, 1574, 1576, 1578, 1580, 1582, 1584, 1586, 1588, 1590, 1592, 1594, 1596, 1598, 1600, 1602, 1604, 1606, 1608, 1610, 1612, 1614, 1616, 1618, 1620, 1622, 1691, 1693, 1695, 1697, 1699, 1701, 1703, 1705, 1707, 1709, 1711, 1713, 1715, 1717, 1719, 1721, 1723, 1725, 1727, 1729, 1731, 1733, 1735, 1737, 1739, 1741, 1743, 1745, 1747, 1749, 1751, 1753, 1755, 1757, 1759, 1761, 1763, 1765, 1767, 1769, 1771, 1773, 1775, 1777, 1779, 1781, 1783, 1785, 1787, 1789, 1791, 1793, 1858, 1860, 1862, 1864, 1866, 1868, 1870, 1872, 1874, 1876, 1878, 1880, 1882, 1884, 1886, 1888, 1890, 1892, 1894, 1896, 1898, 1900, 1902, 1904, 1906, 1908, 1910, 1912, 1914, 1916, 1918, 1920, 1922, 1924, 1926, 1928, 1930, 1932, 1934, 1936, 1938, 1940, 1942, 1944, 1946, 1948, 1950, 1952, 1954, 1956, 1958, 2025, 2027, 2029, 2031, 2033, 2035, 2037, 2039, 2041, 2043, 2045, 2047, 2049, 2051, 2053, 2055, 2057, 2059, 2061, 2063, 2065, 2067, 2069, 2071, 2073, 2075, 2077, 2079, 2081, 2083, 2085, 2087, 2089, 2091, 2093, 2095, 2097, 2099, 2101, 2103, 2105, 2107, 2109, 2111, 2113, 2115, 2117, 2119, 2121, 2123, 2125, 2127, 2129, 2152, 2154, 2196, 2198, 2200, 2222, 2224, 2226, 2228, 2230, 2232, 2234, 2236, 2238, 2270, 2272, 2274, 2276, 2278, 2280, 2282, 2284, 2288, 2290, 2292, 2294, 2296, 2298, 2300, 2355, 2357, 2387, 2389, 2391, 2393, 2395, 2397, 2399, 2401, 2403, 2405, 2407, 2409, 2411, 2413, 2423, 2425, 2467, 2469, 2471, 2473, 2475, 2477, 2479, 2481, 2483, 2485, 2487, 2489, 2491, 2493, 2495, 2525, 2527, 2529, 2531, 2533, 2535, 2537, 2539, 2541, 2543, 2545, 2547, 2549, 2551, 2570, 2609, 2611, 2613, 2615, 2617, 2619, 2621, 2623, 2625, 2627, 2629, 2631, 2633, 2635, 2637, 2693, 2695, 2697, 2699, 2701, 2703, 2705, 2707, 2709, 2711, 2713, 2715, 2717, 2719, 2755, 2757, 2759, 2761, 2763, 2765, 2767, 2769, 2786, 2815, 2817, 2819, 2821, 2823, 2825, 2827, 2829, 2831, 2833, 2835, 2837, 2839, 2841, 2843, 2873, 2875, 2877, 2879, 2881, 2883, 2885, 2887, 2889, 2891, 2893, 2895, 2897, 2899, 2928, 2930, 2932, 2934, 2936, 2938, 2940, 2942, 2944, 2946, 2948, 2950, 2952, 2954, 2956, 2986, 2988, 2990, 2992, 2994, 2996, 2998, 3000, 3002, 3004, 3006, 3008, 3010, 3012, 3041, 3043, 3045, 3047, 3049, 3051, 3053, 3055, 3057, 3059, 3061, 3063, 3065, 3067, 3069, 3099, 3101, 3103, 3105, 3107, 3109, 3111, 3113, 3115, 3117, 3119, 3121, 3123, 3125, 3158, 3160, 3183, 3185, 3187, 3189, 3191, 3214, 3216, 3218, 3220, 3222, 3240, 3246, 3248, 3250, 3252, 3254, 3277, 3279, 3281, 3283, 3285, 3308, 3310, 3312, 3314, 3316, 3334, 3340, 3342, 3344, 3346, 3348, 3371, 3373, 3375, 3377, 3379, 3402, 3404, 3406, 3408, 3410, 3431, 3518, 3520, 3522, 3524, 3526, 3624, 3626, 3628, 3630, 3632, 3634, 3636, 3638, 3640, 3642, 3644, 3646, 3648, 3650, 3652, 3654, 3656, 3658, 3660, 3662, 3664, 3666, 3668, 3670, 3672, 3674, 3676, 3678, 3680, 3682, 3684, 3686, 3692, 3694, 3696, 3698, 3700, 3702, 3704, 3706, 3708, 3710, 3712, 3714, 3716, 3718, 3720, 3722, 3724, 3726, 3728, 3730, 3732, 3734, 3736, 3738, 3740, 3742, 3744, 3746, 3748, 3750, 3752, 3756, 3758, 3760, 3762, 3764, 3766, 3768, 3770, 3772, 3774, 3776, 3778, 3780, 3782, 3784, 3786, 3788, 3790, 3792, 3854, 3856, 3858, 3860, 3862, 3864, 3866, 3868, 3870, 3872, 3874, 3876, 3910, 3933, 3939, 3955, 3961, 4007, 4013, 4031, 4033, 4035, 4053, 4055, 4057, 4075, 4077, 4079, 4091, 4103, 4105, 4119, 4129, 4131, 4141, 4143, 4163, 4171, 4187, 4193, 4209, 4215, 4231, 4237, 4260, 4262, 4264, 4276, 4297, 4299, 4311, 4328, 4342, 4379, 4385, 4387, 4389, 4391, 4393, 4397, 4399, 4401, 4403, 4405, 4407, 4409, 4411, 4413, 4415, 4417, 4419, 4454, 4456, 4458, 4466, 4486, 4488, 4490, 4492, 4550, 4554, 4556, 4558, 4560, 4562, 4564, 4566, 4568, 4570, 4572, 4574, 4580, 4582, 4584, 4586, 4588, 4590, 4592, 4594, 4596, 4598, 4600, 4602, 4650, 4652, 4654, 4656, 4658, 4660, 4662, 4664, 4666, 4668, 4670, 4672, 4674, 4676, 4705, 4713, 4715, 4717, 4719, 4721, 4723, 4725, 4727, 4729, 4731, 4733, 4735, 4737, 4739, 4741, 4804, 4808, 4814, 4816, 4818, 4820, 4822, 4824, 4826, 4828, 4830, 4840, 4842, 4885, 4887, 4889, 4891, 4926, 4940, 4961, 4969, 5014, 5081, 5083, 5085, 5087, 5089, 5091, 5093, 5095, 5097, 5099, 5101, 5103, 5105, 5113, 5136, 5140, 5142, 5144, 5146, 5148, 5150, 5154, 5156, 5158, 5168, 5179, 5196, 5198, 5200, 5202, 5234, 5236, 5238, 5240, 5242, 5244, 5246, 5248, 5252, 5254, 5256, 5258, 5260, 5262, 5264, 5288, 5303, 5305, 5307, 5351, 5353, 5355, 5357, 5359, 5361, 5363, 5365, 5367, 5369, 5373, 5403, 5446, 5472, 5474, 5476, 5478, 5480, 5541, 5543, 5545, 5547, 5549, 5551, 5553, 5570, 5572, 5574, 5576, 5578, 5601, 5603, 5605, 5607, 5609, 5611, 5613, 5615, 5617, 5619, 5621, 5635, 5663, 5748, 5758, 5787, 5793, 5795, 5806, 5808, 5825, 5827, 5889, 5891, 5893, 5895, 5897, 5899, 5901, 5903, 5905, 5907, 5909, 5911, 5913, 5915, 5917, 5942, 5944, 5946, 5991, 5993, 5995, 5997, 5999, 6001, 6019, 6021, 6060, 6064, 6079, 6081, 6083, 6085, 6087, 6097, 6113, 6188, 6190, 6192, 6194, 6196, 6198, 6200, 6202, 6204, 6208, 6210, 6212, 6214, 6216, 6250, 6282, 6329, 6331, 6333, 6335, 6337, 6339, 6341, 6369, 6371, 6373, 6375, 6377, 6379, 6381, 6399, 6401, 6407, 6710, 6712, 6714, 6716, 6718, 6720, 6722, 6724, 6726, 6728, 6730, 6732, 6734, 6736, 6738, 6740, 6742, 6744, 6746, 6748, 6750, 6752, 6754, 6756, 6758, 6760, 6762, 6764, 6766, 6768, 6770, 6776, 6778, 6780, 6782, 6784, 6786, 6788, 6790, 6792, 6794, 6796, 6798, 6800, 6802, 6804, 6806, 6808, 6810, 6812, 6814, 6816, 6818, 6820, 6822, 6824, 6826, 6828, 6830, 6832, 6834, 6838, 6840, 6842, 6844, 6846, 6848, 6850, 6852, 6854, 6856, 6858, 6860, 6862, 6864, 6866, 6868, 6870, 6872, 6874, 6891, 6903, 6931, 6933, 6935, 6937, 6939, 6941, 6947, 6949, 6951, 6953, 6955, 6978, 6980, 6982, 6984, 6986, 6988, 6990, 6992, 7023, 7025, 7027, 7029, 7031, 7033, 7035, 7037, 7039, 7041, 7043, 7045, 7070, 7072, 7074, 7076, 7078, 7080, 7112, 7114, 7118, 7120, 7122, 7124, 7126, 7128, 7130, 7132, 7134, 7136, 7138, 7140, 7142, 7144, 7154, 7156, 7303, 7305, 7307, 7309, 7311, 7313, 7315, 7317, 7321, 7369, 7385, 7387, 7389, 7487, 7489, 7491, 7493, 7495, 7497, 7499, 7501, 7503, 7505, 7507, 7509, 7511, 7513, 7515, 7517, 7519, 7521, 7523, 7525, 7527, 7529, 7531, 7533, 7535, 7537, 7539, 7541, 7543, 7545, 7547, 7549, 7551, 7553, 7555, 7557, 7559, 7561, 7563, 7565, 7567, 7569, 7571, 7573, 7575, 7577, 7579, 7581, 7583, 7585, 7649, 7651, 7653, 7655, 7657, 7659, 7661, 7663, 7665, 7667, 7669, 7671, 7673, 7675, 7677, 7679, 7681, 7683, 7685, 7687, 7689, 7691, 7693, 7695, 7697, 7699, 7701, 7703, 7705, 7707, 7709, 7711, 7713, 7715, 7717, 7719, 7721, 7723, 7725, 7727, 7729, 7731, 7733, 7735, 7737, 7739, 7741, 7743, 7745, 7747, 7784, 7786, 7788, 7790, 7792, 7794, 7796, 7798, 7800, 7802, 7806, 7808
jellyfin_mcp/auth.py              34     24    29%   25-87
jellyfin_mcp/mcp_server.py       103     62    40%   16-17, 57-74, 91-108, 125-142, 156, 167-181, 185
------------------------------------------------------------
TOTAL                           5254   1583    70%
======================== 5 passed, 3 warnings in 15.10s ========================
